01001101110110000000000000000000
00000000000000000000000000000000
01001101110011000000000000000000
00000000000000000000000000000000
01001011001110000000000000000000
00000000000000000000000000000000
01001101111110000000000000000000
00000000000000000000000000000000
01001101100001000000000000000000
00000000000000000000000000000000
01000000110111000000000000000000
01001111110111000000000000000001
01000111010110000000000000000000
00000000000000000000000000000000
01001111010011000000000000000000
00000000000000000000000000000000
01001011011110000000000000000000
00000000000000000000000000000000
01000000110011000000000000000000
00000000000000000000000000000000
01001011000001000000000000000000
00000000000000000000000000000000
01001011011011000000000000100100
00000000000000000000000000000000
00000000000000000000000000000000
00000000000000000000000000000000
00000000000000000000000000000000
00000000000000000000000000000000
00000000000000000000000000000000
00000000000000000000000000000000
00000000000000000000000000000000
00000000000000000000000000000000
