0 000 00000 00000 00 00000 0000 00000 0 0
0 100 00000 00000 00 00000 0000 00000 0 0
0 100 00000 00000 00 00000 0000 00000 0 0
0 000 00000 00000 00 00000 0000 00000 0 0 
0 100 11011 10110 00 00000 0000 00000 0 0
0 000 00000 00000 00 00000 0000 00000 0 0
0 100 11011 10011 00 00000 0000 00000 0 0
0 000 00000 00000 00 00000 0000 00000 0 0
0 100 10110 01110 00 00000 0000 00000 0 0
0 000 00000 00000 00 00000 0000 00000 0 0
0 100 11011 11110 00 00000 0000 00000 0 0
0 000 00000 00000 00 00000 0000 00000 0 0

0 100 11011 00001 00 00000 0000 00000 0 0
0 000 00000 00000 00 00000 0000 00000 0 0
0 100 00001 10111 00 00000 0000 00000 0 0
0 100 11111 10111 00 00000 0000 00000 0 1
0 100 01110 10110 00 00000 0000 00000 0 0
0 000 00000 00000 00 00000 0000 00000 0 0
0 100 11110 10011 00 00000 0000 00000 0 0
0 000 00000 00000 00 00000 0000 00000 0 0
0 100 10110 11110 00 00000 0000 00000 0 0
0 000 00000 00000 00 00000 0000 00000 0 0
0 100 00001 10011 00 00000 0000 00000 0 0
0 000 00000 00000 00 00000 0000 00000 0 0

0 100 10110 00001 00 00000 0000 00000 0 0
0 000 00000 00000 00 00000 0000 00000 0 0
0 100 10110 11011 00 00000 0000 01001 0 0
0 000 00000 00000 00 00000 0000 00000 0 0
0 000 00000 00000 00 00000 0000 00000 0 0
0 000 00000 00000 00 00000 0000 00000 0 0
0 000 00000 00000 00 00000 0000 00000 0 0
0 000 00000 00000 00 00000 0000 00000 0 0
0 000 00000 00000 00 00000 0000 00000 0 0
0 000 00000 00000 00 00000 0000 00000 0 0
0 000 00000 00000 00 00000 0000 00000 0 0
0 000 00000 00000 00 00000 0000 00000 0 0
 
